[gd_scene format=3 uid="uid://0rk6mar0ysob"]

[ext_resource type="Script" uid="uid://kscxc0ah0cu3" path="res://player/player.gd" id="1_oul6g"]
[ext_resource type="Resource" uid="uid://bqvskm2483p21" path="res://player/stats.tres" id="2_rgyib"]
[ext_resource type="Script" uid="uid://0knnxu858c6t" path="res://player/smooth_camera_arm.gd" id="2_rkbax"]
[ext_resource type="PackedScene" uid="uid://b30eq4lc65mbc" path="res://player/rig.tscn" id="3_g1dw6"]
[ext_resource type="Script" uid="uid://y1x38guc17n5" path="res://player/attack_cast.gd" id="4_yw30f"]
[ext_resource type="PackedScene" uid="uid://e3ak40n0dgjm" path="res://player/health_component.tscn" id="5_qjkh3"]
[ext_resource type="PackedScene" uid="uid://dyucvm4ml1tp0" path="res://player/area_attack.tscn" id="6_g6k8r"]
[ext_resource type="PackedScene" uid="uid://c6durlftx2yyk" path="res://player/dash.tscn" id="7_boad6"]

[sub_resource type="CapsuleShape3D" id="CapsuleShape3D_kqu6x"]
radius = 0.25
height = 1.8095703

[sub_resource type="SeparationRayShape3D" id="SeparationRayShape3D_oul6g"]

[node name="Player" type="CharacterBody3D" unique_id=197044215 groups=["player"]]
collision_layer = 4
script = ExtResource("1_oul6g")
stats = ExtResource("2_rgyib")
attack_move_speed = 1.0

[node name="HealthComponent" parent="." unique_id=1475564831 instance=ExtResource("5_qjkh3")]

[node name="CollisionShape3D" type="CollisionShape3D" parent="." unique_id=984041020]
transform = Transform3D(1, 0, 0, 0, 1, 0, 0, 0, 1, 0, -0.095214844, 0)
shape = SubResource("CapsuleShape3D_kqu6x")

[node name="SmoothCameraArm" type="SpringArm3D" parent="." unique_id=724108230 node_paths=PackedStringArray("target")]
transform = Transform3D(1, 0, 0, 0, 0.90630776, 0.42261827, 0, -0.42261827, 0.90630776, 0, 0, 0)
shape = SubResource("SeparationRayShape3D_oul6g")
spring_length = 4.0
margin = 0.1
script = ExtResource("2_rkbax")
target = NodePath("../HorizontalPivot/VerticalPivot")

[node name="Camera3D" type="Camera3D" parent="SmoothCameraArm" unique_id=2031573857]
transform = Transform3D(1, 0, 0, 0, 1.0000001, 0, 0, 0, 1.0000001, 0, 0, 0)

[node name="HorizontalPivot" type="Node3D" parent="." unique_id=1684865767]

[node name="VerticalPivot" type="Node3D" parent="HorizontalPivot" unique_id=1391565854]

[node name="RigPivot" type="Node3D" parent="." unique_id=846194513]
transform = Transform3D(1, 0, 0, 0, 1, 0, 0, 0, 1, 0, -1, 0)

[node name="Rig" parent="RigPivot" unique_id=1415560072 instance=ExtResource("3_g1dw6")]

[node name="Skeleton3D" parent="RigPivot/Rig/CharacterRig/GameRig" parent_id_path=PackedInt32Array(1415560072, 2043697631, 516488060) index="0" unique_id=531244643]
bones/0/position = Vector3(4.440892e-15, 0.9108294, -0.048173558)
bones/2/rotation = Quaternion(0.0070050084, -0.00027269838, 0.003211066, 0.9999704)
bones/3/rotation = Quaternion(-0.088456325, -0.00027556118, 0.008524891, 0.9960436)
bones/4/rotation = Quaternion(0.26979458, 1.43990615e-08, 9.1646804e-08, 0.962918)
bones/6/rotation = Quaternion(-0.16530569, -1.1756932e-07, -1.9705965e-08, 0.9862424)
bones/7/position = Vector3(-4.0791395e-08, 0.91082937, -0.048173446)
bones/8/position = Vector3(-4.8564274e-08, 0.91082937, -0.048173524)
bones/9/position = Vector3(0.13114367, 0.9770336, -0.035129104)
bones/9/rotation = Quaternion(0.99431604, 0.020211032, -0.031266008, 0.09974811)
bones/11/rotation = Quaternion(0.39334396, -0.00069455086, 0.00029726385, 0.9193911)
bones/13/rotation = Quaternion(-0.7400374, 0.011842776, 0.024357855, 0.67202026)
bones/15/position = Vector3(-0.13114369, 0.97703344, -0.0351291)
bones/15/rotation = Quaternion(0.97596127, -0.0052495636, 0.02769159, 0.21611418)
bones/17/rotation = Quaternion(0.41970688, 0.0031463758, -0.0014550143, 0.90765315)
bones/19/rotation = Quaternion(-0.6775445, -0.028135119, -0.0014881861, 0.7349421)
bones/21/position = Vector3(0.025128612, 1.4403296, 0.047402456)
bones/21/rotation = Quaternion(-0.46943033, -0.2676655, -0.4175468, 0.7305102)
bones/22/position = Vector3(0.19158202, 1.4793444, -0.009293042)
bones/22/rotation = Quaternion(0.019907266, -0.16422169, 0.9755132, -0.14494492)
bones/23/rotation = Quaternion(6.776819e-08, -0.04025008, -7.2010553e-09, 0.9991897)
bones/24/rotation = Quaternion(0.35466912, -0.040519994, -0.022141458, 0.9338511)
bones/46/position = Vector3(-0.011363527, 1.4403296, 0.047402445)
bones/46/rotation = Quaternion(-0.46862596, 0.26686522, 0.41770917, 0.7312262)
bones/47/position = Vector3(-0.17773484, 1.4795841, -0.009395916)
bones/47/rotation = Quaternion(-0.0071591083, -0.14828269, 0.976087, 0.1587935)
bones/48/rotation = Quaternion(-7.086556e-08, 0.059305772, 6.0410565e-09, 0.99823993)
bones/49/rotation = Quaternion(0.39576682, 0.059509575, 0.027748002, 0.9160007)
bones/71/position = Vector3(0.12719111, 1.3614355, -0.024375621)
bones/71/rotation = Quaternion(2.0352333e-08, 0.5977785, 0.8016614, -4.5829193e-08)
bones/72/position = Vector3(-0.113425955, 1.3614355, -0.024375645)
bones/72/rotation = Quaternion(2.0352383e-08, 0.5977785, 0.8016614, -4.5829122e-08)

[node name="RightHandBone" parent="RigPivot/Rig" index="2" unique_id=1487316086]
transform = Transform3D(-0.9624289, -0.27051848, -0.023463177, 0.21998826, -0.8274667, 0.51662815, -0.15917243, 0.4920561, 0.85588825, -0.35147965, 1.0140502, 0.03283421)

[node name="LeftHandBone" parent="RigPivot/Rig" index="3" unique_id=1174988404]
transform = Transform3D(-0.9704873, 0.23919985, 0.03062497, -0.20806837, -0.89476454, 0.3950999, 0.12191004, 0.37706754, 0.91812736, 0.34841588, 0.99640846, -0.0053645372)

[node name="RayAttachment" type="BoneAttachment3D" parent="RigPivot/Rig" unique_id=582155665]
transform = Transform3D(-0.9624289, -0.27051848, -0.023463177, 0.21998826, -0.8274667, 0.51662815, -0.15917243, 0.4920561, 0.85588825, -0.35147965, 1.0140502, 0.03283421)
bone_name = "DEF-hand.R"
bone_idx = 51
use_external_skeleton = true
external_skeleton = NodePath("../CharacterRig/GameRig/Skeleton3D")

[node name="AttackCast" type="RayCast3D" parent="RigPivot/Rig/RayAttachment" unique_id=1458897818]
unique_name_in_owner = true
transform = Transform3D(0.14567666, 0.12770933, -0.9810549, -0.98932326, 0.014576787, -0.14500688, -0.004218105, 0.9917045, 0.12846932, -0.013773769, 0.054032087, 0.0047468543)
target_position = Vector3(0, 1, 0)
collision_mask = 8
script = ExtResource("4_yw30f")

[node name="AreaAttack" parent="RigPivot" unique_id=7110889 instance=ExtResource("6_g6k8r")]
transform = Transform3D(1, 0, 0, 0, 1, 0, 0, 0, 1, 0, 1, 0)
target_position = Vector3(0, 0, 1)
collision_mask = 8

[node name="Dash" parent="RigPivot" unique_id=410199331 node_paths=PackedStringArray("player") instance=ExtResource("7_boad6")]
transform = Transform3D(1, 0, 0, 0, 1, 0, 0, 0, 1, 0, 0.047561884, 0)
player = NodePath("../..")

[connection signal="defeat" from="HealthComponent" to="." method="_on_health_component_defeat"]
[connection signal="heavy_attack" from="RigPivot/Rig" to="." method="_on_rig_heavy_attack"]

[editable path="RigPivot/Rig"]
[editable path="RigPivot/Rig/CharacterRig"]
