[gd_scene format=3 uid="uid://0rk6mar0ysob"]

[ext_resource type="Script" uid="uid://kscxc0ah0cu3" path="res://player/player.gd" id="1_oul6g"]
[ext_resource type="Resource" uid="uid://bqvskm2483p21" path="res://player/stats.tres" id="2_rgyib"]
[ext_resource type="Script" uid="uid://0knnxu858c6t" path="res://player/smooth_camera_arm.gd" id="2_rkbax"]
[ext_resource type="PackedScene" uid="uid://b30eq4lc65mbc" path="res://player/rig.tscn" id="3_g1dw6"]
[ext_resource type="Script" uid="uid://y1x38guc17n5" path="res://player/attack_cast.gd" id="4_yw30f"]
[ext_resource type="PackedScene" uid="uid://e3ak40n0dgjm" path="res://player/health_component.tscn" id="5_qjkh3"]
[ext_resource type="PackedScene" uid="uid://dyucvm4ml1tp0" path="res://player/area_attack.tscn" id="6_g6k8r"]
[ext_resource type="PackedScene" uid="uid://c6durlftx2yyk" path="res://player/dash.tscn" id="7_boad6"]

[sub_resource type="CapsuleShape3D" id="CapsuleShape3D_kqu6x"]
radius = 0.25
height = 1.8095703

[sub_resource type="SeparationRayShape3D" id="SeparationRayShape3D_oul6g"]

[node name="Player" type="CharacterBody3D" unique_id=197044215 groups=["player"]]
collision_layer = 4
script = ExtResource("1_oul6g")
stats = ExtResource("2_rgyib")
attack_move_speed = 1.0

[node name="HealthComponent" parent="." unique_id=1475564831 node_paths=PackedStringArray("body") instance=ExtResource("5_qjkh3")]
body = NodePath("..")

[node name="CollisionShape3D" type="CollisionShape3D" parent="." unique_id=984041020]
transform = Transform3D(1, 0, 0, 0, 1, 0, 0, 0, 1, 0, -0.095214844, 0)
shape = SubResource("CapsuleShape3D_kqu6x")

[node name="SmoothCameraArm" type="SpringArm3D" parent="." unique_id=724108230 node_paths=PackedStringArray("target")]
transform = Transform3D(1, 0, 0, 0, 0.90630776, 0.42261827, 0, -0.42261827, 0.90630776, 0, 0, 0)
shape = SubResource("SeparationRayShape3D_oul6g")
spring_length = 4.0
margin = 0.1
script = ExtResource("2_rkbax")
target = NodePath("../HorizontalPivot/VerticalPivot")

[node name="Camera3D" type="Camera3D" parent="SmoothCameraArm" unique_id=2031573857]
transform = Transform3D(1, 0, 0, 0, 1.0000001, 0, 0, 0, 1.0000001, 0, 0, 0)

[node name="HorizontalPivot" type="Node3D" parent="." unique_id=1684865767]

[node name="VerticalPivot" type="Node3D" parent="HorizontalPivot" unique_id=1391565854]

[node name="RigPivot" type="Node3D" parent="." unique_id=846194513]
transform = Transform3D(1, 0, 0, 0, 1, 0, 0, 0, 1, 0, -1, 0)

[node name="Rig" parent="RigPivot" unique_id=1415560072 instance=ExtResource("3_g1dw6")]

[node name="Skeleton3D" parent="RigPivot/Rig/CharacterRig/GameRig" parent_id_path=PackedInt32Array(1415560072, 2043697631, 516488060) index="0" unique_id=531244643]
bones/0/position = Vector3(9.630668e-15, 0.89786494, -0.048173532)
bones/2/rotation = Quaternion(-0.0013285577, -0.0004077605, 0.0032146075, 0.99999386)
bones/3/rotation = Quaternion(-0.09602011, -0.0003739517, 0.008520338, 0.9953429)
bones/4/rotation = Quaternion(0.27668747, 1.5317799e-08, 9.1340944e-08, 0.96096003)
bones/6/rotation = Quaternion(-0.15665324, -1.17737514e-07, -1.8674507e-08, 0.98765373)
bones/7/position = Vector3(-1.6072335e-08, 0.8978648, -0.048173446)
bones/8/position = Vector3(-7.324054e-08, 0.8978649, -0.04817351)
bones/9/position = Vector3(0.13114367, 0.96406907, -0.035129093)
bones/9/rotation = Quaternion(0.9930509, 0.020858143, -0.030955452, 0.111609824)
bones/11/rotation = Quaternion(0.420254, -0.00070048874, 0.0003245663, 0.9074063)
bones/13/rotation = Quaternion(-0.7516023, 0.011885682, 0.024404244, 0.6590578)
bones/15/position = Vector3(-0.1311437, 0.9640692, -0.035129108)
bones/15/rotation = Quaternion(0.9732082, -0.005780131, 0.027323596, 0.22822334)
bones/17/rotation = Quaternion(0.44427237, 0.003291741, -0.0016324905, 0.8958843)
bones/19/rotation = Quaternion(-0.68818486, -0.02819263, -0.0007351424, 0.7249871)
bones/21/position = Vector3(0.025128612, 1.428034, 0.042723395)
bones/21/rotation = Quaternion(-0.49143356, -0.25877663, -0.4014035, 0.7282878)
bones/22/position = Vector3(0.18874803, 1.4650612, -0.022834737)
bones/22/rotation = Quaternion(0.04776079, -0.16001487, 0.9745467, -0.14957608)
bones/23/rotation = Quaternion(4.5361652e-08, -0.017669579, 7.0897506e-09, 0.99984396)
bones/24/rotation = Quaternion(0.3029353, -0.017670278, -0.01858814, 0.952666)
bones/46/position = Vector3(-0.011363526, 1.428034, 0.04272338)
bones/46/rotation = Quaternion(-0.5088441, 0.2231923, 0.37713557, 0.7409667)
bones/47/position = Vector3(-0.16786948, 1.4655356, -0.038136628)
bones/47/rotation = Quaternion(-0.07136978, -0.13751294, 0.97350055, 0.1682063)
bones/48/rotation = Quaternion(1.6499332e-07, 0.016205886, 1.2340739e-07, 0.99986875)
bones/49/rotation = Quaternion(0.336386, 0.016206294, 0.028982662, 0.9411386)
bones/71/position = Vector3(0.12719111, 1.3466539, -0.026223144)
bones/71/rotation = Quaternion(1.9384375e-08, 0.6119412, 0.7909033, -4.6377355e-08)
bones/72/position = Vector3(-0.113425955, 1.3466539, -0.02622317)
bones/72/rotation = Quaternion(1.938443e-08, 0.61194134, 0.7909033, -4.6377302e-08)

[node name="RightHandBone" parent="RigPivot/Rig" index="2" unique_id=1487316086]
transform = Transform3D(-0.9623426, -0.2708032, -0.023713201, 0.23962972, -0.886271, 0.39636052, -0.12835202, 0.37575248, 0.91778845, -0.34168637, 0.98485196, -0.024741761)

[node name="LeftHandBone" parent="RigPivot/Rig" index="3" unique_id=1174988404]
transform = Transform3D(-0.9705134, 0.23910846, 0.030521026, -0.22067858, -0.93229055, 0.28659278, 0.09698126, 0.27140674, 0.95756596, 0.3455586, 0.9723247, -0.045225043)

[node name="RayAttachment" type="BoneAttachment3D" parent="RigPivot/Rig" unique_id=582155665]
transform = Transform3D(-0.9623426, -0.2708032, -0.023713201, 0.23962972, -0.886271, 0.39636052, -0.12835202, 0.37575248, 0.91778845, -0.34168637, 0.98485196, -0.024741761)
bone_name = "DEF-hand.R"
bone_idx = 51
use_external_skeleton = true
external_skeleton = NodePath("../CharacterRig/GameRig/Skeleton3D")

[node name="AttackCast" type="RayCast3D" parent="RigPivot/Rig/RayAttachment" unique_id=1458897818]
unique_name_in_owner = true
transform = Transform3D(0.14567666, 0.12770933, -0.9810549, -0.98932326, 0.014576787, -0.14500688, -0.004218105, 0.9917045, 0.12846932, -0.013773769, 0.054032087, 0.0047468543)
target_position = Vector3(0, 1, 0)
collision_mask = 8
script = ExtResource("4_yw30f")

[node name="AreaAttack" parent="RigPivot" unique_id=7110889 instance=ExtResource("6_g6k8r")]
transform = Transform3D(1, 0, 0, 0, 1, 0, 0, 0, 1, 0, 1, 0)
target_position = Vector3(0, 0, 1)
collision_mask = 8

[node name="Dash" parent="RigPivot" unique_id=410199331 node_paths=PackedStringArray("player") instance=ExtResource("7_boad6")]
transform = Transform3D(1, 0, 0, 0, 1, 0, 0, 0, 1, 0, 0.047561884, 0)
player = NodePath("../..")

[connection signal="defeat" from="HealthComponent" to="." method="_on_health_component_defeat"]
[connection signal="heavy_attack" from="RigPivot/Rig" to="." method="_on_rig_heavy_attack"]

[editable path="RigPivot/Rig"]
[editable path="RigPivot/Rig/CharacterRig"]
