[gd_scene format=3 uid="uid://0rk6mar0ysob"]

[ext_resource type="Script" uid="uid://kscxc0ah0cu3" path="res://player/player.gd" id="1_oul6g"]
[ext_resource type="Resource" uid="uid://bqvskm2483p21" path="res://player/stats.tres" id="2_rgyib"]
[ext_resource type="Script" uid="uid://0knnxu858c6t" path="res://player/smooth_camera_arm.gd" id="2_rkbax"]
[ext_resource type="PackedScene" uid="uid://b30eq4lc65mbc" path="res://player/rig.tscn" id="3_g1dw6"]
[ext_resource type="Script" uid="uid://y1x38guc17n5" path="res://player/attack_cast.gd" id="4_yw30f"]
[ext_resource type="PackedScene" uid="uid://e3ak40n0dgjm" path="res://player/health_component.tscn" id="5_qjkh3"]
[ext_resource type="PackedScene" uid="uid://dyucvm4ml1tp0" path="res://player/area_attack.tscn" id="6_g6k8r"]
[ext_resource type="PackedScene" uid="uid://c6durlftx2yyk" path="res://player/dash.tscn" id="7_boad6"]
[ext_resource type="PackedScene" uid="uid://daoa0f01dra06" path="res://user_interface/user_interface.tscn" id="9_hg6s5"]

[sub_resource type="CapsuleShape3D" id="CapsuleShape3D_kqu6x"]
radius = 0.25
height = 1.8095703

[sub_resource type="SeparationRayShape3D" id="SeparationRayShape3D_oul6g"]

[node name="Player" type="CharacterBody3D" unique_id=197044215 groups=["player"]]
collision_layer = 4
script = ExtResource("1_oul6g")
stats = ExtResource("2_rgyib")
attack_move_speed = 1.0

[node name="HealthComponent" parent="." unique_id=1475564831 node_paths=PackedStringArray("body") instance=ExtResource("5_qjkh3")]
body = NodePath("..")

[node name="CollisionShape3D" type="CollisionShape3D" parent="." unique_id=984041020]
transform = Transform3D(1, 0, 0, 0, 1, 0, 0, 0, 1, 0, -0.095214844, 0)
shape = SubResource("CapsuleShape3D_kqu6x")

[node name="SmoothCameraArm" type="SpringArm3D" parent="." unique_id=724108230 node_paths=PackedStringArray("target")]
transform = Transform3D(1, 0, 0, 0, 0.90630776, 0.42261827, 0, -0.42261827, 0.90630776, 0, 0, 0)
shape = SubResource("SeparationRayShape3D_oul6g")
spring_length = 4.0
margin = 0.1
script = ExtResource("2_rkbax")
target = NodePath("../HorizontalPivot/VerticalPivot")

[node name="Camera3D" type="Camera3D" parent="SmoothCameraArm" unique_id=2031573857]
transform = Transform3D(1, 0, 0, 0, 1.0000001, 0, 0, 0, 1.0000001, 0, 0, 0)

[node name="HorizontalPivot" type="Node3D" parent="." unique_id=1684865767]

[node name="VerticalPivot" type="Node3D" parent="HorizontalPivot" unique_id=1391565854]

[node name="RigPivot" type="Node3D" parent="." unique_id=846194513]
transform = Transform3D(1, 0, 0, 0, 1, 0, 0, 0, 1, 0, -1, 0)

[node name="Rig" parent="RigPivot" unique_id=1415560072 instance=ExtResource("3_g1dw6")]

[node name="Skeleton3D" parent="RigPivot/Rig/CharacterRig/GameRig" parent_id_path=PackedInt32Array(1415560072, 2043697631, 516488060) index="0" unique_id=531244643]
bones/0/position = Vector3(4.440892e-15, 0.91039026, -0.04817357)
bones/2/rotation = Quaternion(0.0067999815, -0.00027602026, 0.0032111872, 0.9999717)
bones/3/rotation = Quaternion(-0.08873374, -0.00027917261, 0.008524701, 0.9960189)
bones/4/rotation = Quaternion(0.27003527, 1.4410805e-08, 9.1706255e-08, 0.96285045)
bones/6/rotation = Quaternion(-0.16500363, -1.1757535e-07, -1.9669955e-08, 0.98629296)
bones/7/position = Vector3(-2.943648e-08, 0.91039014, -0.04817346)
bones/8/position = Vector3(-6.8579794e-08, 0.9103902, -0.048173536)
bones/9/position = Vector3(0.13114367, 0.9765945, -0.035129093)
bones/9/rotation = Quaternion(0.994284, 0.02022808, -0.031257745, 0.100066245)
bones/11/rotation = Quaternion(0.3942096, -0.00069484016, 0.0002981732, 0.91902035)
bones/13/rotation = Quaternion(-0.74042475, 0.011844214, 0.024359252, 0.67159337)
bones/15/position = Vector3(-0.1311437, 0.9765944, -0.0351291)
bones/15/rotation = Quaternion(0.97586834, -0.0052678804, 0.027678909, 0.21653435)
bones/17/rotation = Quaternion(0.42048752, 0.003150976, -0.0014604088, 0.9072917)
bones/19/rotation = Quaternion(-0.67784077, -0.028136795, -0.0014674868, 0.7346686)
bones/21/position = Vector3(0.025128616, 1.4400158, 0.04728276)
bones/21/rotation = Quaternion(-0.4701095, -0.2673989, -0.4170455, 0.7304573)
bones/22/position = Vector3(0.19149213, 1.4788758, -0.009750694)
bones/22/rotation = Quaternion(0.020773023, -0.16409294, 0.97549516, -0.14509052)
bones/23/rotation = Quaternion(8.112121e-08, -0.039491326, 2.6659611e-08, 0.99922)
bones/24/rotation = Quaternion(0.35257083, -0.039583262, -0.022012103, 0.9346885)
bones/46/position = Vector3(-0.011363524, 1.4400158, 0.04728274)
bones/46/rotation = Quaternion(-0.47028118, 0.26510686, 0.41605788, 0.73174447)
bones/47/position = Vector3(-0.1774303, 1.4791095, -0.010464827)
bones/47/rotation = Quaternion(-0.009804439, -0.14785185, 0.97606397, 0.1591948)
bones/48/rotation = Quaternion(-4.0950013e-08, 0.05774388, -1.5746728e-08, 0.9983314)
bones/49/rotation = Quaternion(0.39336663, 0.057744358, 0.02786062, 0.91714346)
bones/71/position = Vector3(0.12719111, 1.3610363, -0.024426533)
bones/71/rotation = Quaternion(2.0321055e-08, 0.598238, 0.8013186, -4.584759e-08)
bones/72/position = Vector3(-0.113425955, 1.3610363, -0.024426559)
bones/72/rotation = Quaternion(2.032111e-08, 0.598238, 0.8013186, -4.5847514e-08)

[node name="RightHandBone" parent="RigPivot/Rig" index="2" unique_id=1487316086]
transform = Transform3D(-0.9623437, -0.2707993, -0.023716534, 0.22096604, -0.83009046, 0.511981, -0.15833092, 0.48746106, 0.8586691, -0.35124624, 1.0129044, 0.030621111)

[node name="LeftHandBone" parent="RigPivot/Rig" index="3" unique_id=1174988404]
transform = Transform3D(-0.9705328, 0.23903914, 0.030445538, -0.20857044, -0.89658517, 0.3906834, 0.12068568, 0.372821, 0.92002136, 0.34828505, 0.995466, -0.0068748966)

[node name="RayAttachment" type="BoneAttachment3D" parent="RigPivot/Rig" unique_id=582155665]
transform = Transform3D(-0.9623437, -0.2707993, -0.023716534, 0.22096604, -0.83009046, 0.511981, -0.15833092, 0.48746106, 0.8586691, -0.35124624, 1.0129044, 0.030621111)
bone_name = "DEF-hand.R"
bone_idx = 51
use_external_skeleton = true
external_skeleton = NodePath("../CharacterRig/GameRig/Skeleton3D")

[node name="AttackCast" type="RayCast3D" parent="RigPivot/Rig/RayAttachment" unique_id=1458897818]
unique_name_in_owner = true
transform = Transform3D(0.14567666, 0.12770933, -0.9810549, -0.98932326, 0.014576787, -0.14500688, -0.004218105, 0.9917045, 0.12846932, -0.013773769, 0.054032087, 0.0047468543)
target_position = Vector3(0, 1, 0)
collision_mask = 8
script = ExtResource("4_yw30f")

[node name="AreaAttack" parent="RigPivot" unique_id=7110889 instance=ExtResource("6_g6k8r")]
transform = Transform3D(1, 0, 0, 0, 1, 0, 0, 0, 1, 0, 1, 0)
target_position = Vector3(0, 0, 1)
collision_mask = 8

[node name="Dash" parent="RigPivot" unique_id=410199331 node_paths=PackedStringArray("player") instance=ExtResource("7_boad6")]
transform = Transform3D(1, 0, 0, 0, 1, 0, 0, 0, 1, 0, 0.047561884, 0)
player = NodePath("../..")

[node name="UserInterface" parent="." unique_id=1891462601 node_paths=PackedStringArray("player") instance=ExtResource("9_hg6s5")]
player = NodePath("..")

[connection signal="defeat" from="HealthComponent" to="." method="_on_health_component_defeat"]
[connection signal="health_changed" from="HealthComponent" to="UserInterface" method="update_health"]
[connection signal="heavy_attack" from="RigPivot/Rig" to="." method="_on_rig_heavy_attack"]

[editable path="RigPivot/Rig"]
[editable path="RigPivot/Rig/CharacterRig"]
