[gd_scene format=3 uid="uid://0rk6mar0ysob"]

[ext_resource type="Script" uid="uid://kscxc0ah0cu3" path="res://player/player.gd" id="1_oul6g"]
[ext_resource type="Resource" uid="uid://bqvskm2483p21" path="res://player/stats.tres" id="2_rgyib"]
[ext_resource type="Script" uid="uid://0knnxu858c6t" path="res://player/smooth_camera_arm.gd" id="2_rkbax"]
[ext_resource type="PackedScene" uid="uid://b30eq4lc65mbc" path="res://player/rig.tscn" id="3_g1dw6"]
[ext_resource type="Script" uid="uid://y1x38guc17n5" path="res://player/attack_cast.gd" id="4_yw30f"]
[ext_resource type="PackedScene" uid="uid://e3ak40n0dgjm" path="res://player/health_component.tscn" id="5_qjkh3"]
[ext_resource type="PackedScene" uid="uid://dyucvm4ml1tp0" path="res://player/area_attack.tscn" id="6_g6k8r"]
[ext_resource type="PackedScene" uid="uid://c6durlftx2yyk" path="res://player/dash.tscn" id="7_boad6"]

[sub_resource type="CapsuleShape3D" id="CapsuleShape3D_kqu6x"]
radius = 0.25
height = 1.8095703

[sub_resource type="SeparationRayShape3D" id="SeparationRayShape3D_oul6g"]

[node name="Player" type="CharacterBody3D" unique_id=197044215 groups=["player"]]
collision_layer = 4
script = ExtResource("1_oul6g")
stats = ExtResource("2_rgyib")
attack_move_speed = 1.0

[node name="HealthComponent" parent="." unique_id=1475564831 node_paths=PackedStringArray("body") instance=ExtResource("5_qjkh3")]
body = NodePath("..")

[node name="CollisionShape3D" type="CollisionShape3D" parent="." unique_id=984041020]
transform = Transform3D(1, 0, 0, 0, 1, 0, 0, 0, 1, 0, -0.095214844, 0)
shape = SubResource("CapsuleShape3D_kqu6x")

[node name="SmoothCameraArm" type="SpringArm3D" parent="." unique_id=724108230 node_paths=PackedStringArray("target")]
transform = Transform3D(1, 0, 0, 0, 0.90630776, 0.42261827, 0, -0.42261827, 0.90630776, 0, 0, 0)
shape = SubResource("SeparationRayShape3D_oul6g")
spring_length = 4.0
margin = 0.1
script = ExtResource("2_rkbax")
target = NodePath("../HorizontalPivot/VerticalPivot")

[node name="Camera3D" type="Camera3D" parent="SmoothCameraArm" unique_id=2031573857]
transform = Transform3D(1, 0, 0, 0, 1.0000001, 0, 0, 0, 1.0000001, 0, 0, 0)

[node name="HorizontalPivot" type="Node3D" parent="." unique_id=1684865767]

[node name="VerticalPivot" type="Node3D" parent="HorizontalPivot" unique_id=1391565854]

[node name="RigPivot" type="Node3D" parent="." unique_id=846194513]
transform = Transform3D(1, 0, 0, 0, 1, 0, 0, 0, 1, 0, -1, 0)

[node name="Rig" parent="RigPivot" unique_id=1415560072 instance=ExtResource("3_g1dw6")]

[node name="Skeleton3D" parent="RigPivot/Rig/CharacterRig/GameRig" parent_id_path=PackedInt32Array(1415560072, 2043697631, 516488060) index="0" unique_id=531244643]
bones/0/position = Vector3(1.40773505e-14, 0.90250874, -0.048173532)
bones/2/rotation = Quaternion(0.0016755618, -0.00035907316, 0.0032134303, 0.9999934)
bones/3/rotation = Quaternion(-0.09329038, -0.0003384597, 0.008522087, 0.9956025)
bones/4/rotation = Quaternion(0.27420023, 1.4808297e-08, 9.20582e-08, 0.96167266)
bones/6/rotation = Quaternion(-0.15976852, -1.1726005e-07, -2.1609033e-08, 0.98715454)
bones/7/position = Vector3(-4.3884473e-08, 0.9025086, -0.04817346)
bones/8/position = Vector3(-6.593285e-08, 0.9025086, -0.04817352)
bones/9/position = Vector3(0.13114369, 0.9687128, -0.035129108)
bones/9/rotation = Quaternion(0.9935051, 0.020630972, -0.031063458, 0.107503496)
bones/11/rotation = Quaternion(0.41097274, -0.00069921213, 0.00031534754, 0.9116474)
bones/13/rotation = Quaternion(-0.7476079, 0.01187081, 0.024386425, 0.6635864)
bones/15/position = Vector3(-0.1311437, 0.968713, -0.035129108)
bones/15/rotation = Quaternion(0.9741933, -0.0055931485, 0.027453443, 0.22396992)
bones/17/rotation = Quaternion(0.43569228, 0.0032410026, -0.0015690312, 0.9000885)
bones/19/rotation = Quaternion(-0.6844482, -0.028172722, -0.0010015317, 0.7285164)
bones/21/position = Vector3(0.025128616, 1.4324483, 0.044400934)
bones/21/rotation = Quaternion(-0.48360077, -0.2620005, -0.4071318, 0.72919804)
bones/22/position = Vector3(0.189788, 1.4702109, -0.018032266)
bones/22/rotation = Quaternion(0.03788729, -0.16152173, 0.9749805, -0.14794761)
bones/23/rotation = Quaternion(1.2772193e-07, -0.025709523, 8.392788e-08, 0.9996695)
bones/24/rotation = Quaternion(0.32127938, -0.025716607, -0.019929236, 0.94642544)
bones/46/position = Vector3(-0.011363526, 1.4324483, 0.044400923)
bones/46/rotation = Quaternion(-0.4947326, 0.23875387, 0.39149976, 0.73821694)
bones/47/position = Vector3(-0.17170157, 1.4707415, -0.028111089)
bones/47/rotation = Quaternion(-0.04883495, -0.14136645, 0.9748908, 0.16498083)
bones/48/rotation = Quaternion(4.1495003e-08, 0.03150521, 1.761828e-08, 0.9995036)
bones/49/rotation = Quaternion(0.35748503, 0.031506304, 0.028890602, 0.93294007)
bones/71/position = Vector3(0.12719111, 1.3519492, -0.02556821)
bones/71/rotation = Quaternion(1.9728688e-08, 0.60691637, 0.7947657, -4.618706e-08)
bones/72/position = Vector3(-0.113425955, 1.3519492, -0.02556824)
bones/72/rotation = Quaternion(1.9729008e-08, 0.60691303, 0.7947683, -4.618675e-08)

[node name="RightHandBone" parent="RigPivot/Rig" index="2" unique_id=1487316086]
transform = Transform3D(-0.96233803, -0.27082196, -0.023694145, 0.23325382, -0.8673152, 0.43972436, -0.13963726, 0.41763666, 0.89782, -0.3455231, 0.99496007, -0.004325174)

[node name="LeftHandBone" parent="RigPivot/Rig" index="3" unique_id=1174988404]
transform = Transform3D(-0.9705115, 0.2391157, 0.030520435, -0.21655652, -0.9204728, 0.32532045, 0.10588248, 0.3091178, 0.94511104, 0.3466004, 0.98057747, -0.031022437)

[node name="RayAttachment" type="BoneAttachment3D" parent="RigPivot/Rig" unique_id=582155665]
transform = Transform3D(-0.96233803, -0.27082196, -0.023694145, 0.23325382, -0.8673152, 0.43972436, -0.13963726, 0.41763666, 0.89782, -0.3455231, 0.99496007, -0.004325174)
bone_name = "DEF-hand.R"
bone_idx = 51
use_external_skeleton = true
external_skeleton = NodePath("../CharacterRig/GameRig/Skeleton3D")

[node name="AttackCast" type="RayCast3D" parent="RigPivot/Rig/RayAttachment" unique_id=1458897818]
unique_name_in_owner = true
transform = Transform3D(0.14567666, 0.12770933, -0.9810549, -0.98932326, 0.014576787, -0.14500688, -0.004218105, 0.9917045, 0.12846932, -0.013773769, 0.054032087, 0.0047468543)
target_position = Vector3(0, 1, 0)
collision_mask = 8
script = ExtResource("4_yw30f")

[node name="AreaAttack" parent="RigPivot" unique_id=7110889 instance=ExtResource("6_g6k8r")]
transform = Transform3D(1, 0, 0, 0, 1, 0, 0, 0, 1, 0, 1, 0)
target_position = Vector3(0, 0, 1)
collision_mask = 8

[node name="Dash" parent="RigPivot" unique_id=410199331 node_paths=PackedStringArray("player") instance=ExtResource("7_boad6")]
transform = Transform3D(1, 0, 0, 0, 1, 0, 0, 0, 1, 0, 0.047561884, 0)
player = NodePath("../..")

[connection signal="defeat" from="HealthComponent" to="." method="_on_health_component_defeat"]
[connection signal="heavy_attack" from="RigPivot/Rig" to="." method="_on_rig_heavy_attack"]

[editable path="RigPivot/Rig"]
[editable path="RigPivot/Rig/CharacterRig"]
