[gd_scene format=3 uid="uid://0rk6mar0ysob"]

[ext_resource type="Script" uid="uid://kscxc0ah0cu3" path="res://player/player.gd" id="1_oul6g"]
[ext_resource type="Resource" uid="uid://bqvskm2483p21" path="res://player/stats.tres" id="2_rgyib"]
[ext_resource type="Script" uid="uid://0knnxu858c6t" path="res://player/smooth_camera_arm.gd" id="2_rkbax"]
[ext_resource type="PackedScene" uid="uid://b30eq4lc65mbc" path="res://player/rig.tscn" id="3_g1dw6"]
[ext_resource type="Script" uid="uid://y1x38guc17n5" path="res://player/attack_cast.gd" id="4_yw30f"]
[ext_resource type="PackedScene" uid="uid://e3ak40n0dgjm" path="res://player/health_component.tscn" id="5_qjkh3"]
[ext_resource type="PackedScene" uid="uid://dyucvm4ml1tp0" path="res://player/area_attack.tscn" id="6_g6k8r"]
[ext_resource type="PackedScene" uid="uid://c6durlftx2yyk" path="res://player/dash.tscn" id="7_boad6"]
[ext_resource type="PackedScene" uid="uid://daoa0f01dra06" path="res://user_interface/user_interface.tscn" id="9_hg6s5"]

[sub_resource type="CapsuleShape3D" id="CapsuleShape3D_kqu6x"]
radius = 0.25
height = 1.8095703

[sub_resource type="SeparationRayShape3D" id="SeparationRayShape3D_oul6g"]

[node name="Player" type="CharacterBody3D" unique_id=197044215 groups=["player"]]
collision_layer = 4
script = ExtResource("1_oul6g")
stats = ExtResource("2_rgyib")
attack_move_speed = 1.0

[node name="HealthComponent" parent="." unique_id=1475564831 node_paths=PackedStringArray("body") instance=ExtResource("5_qjkh3")]
body = NodePath("..")

[node name="CollisionShape3D" type="CollisionShape3D" parent="." unique_id=984041020]
transform = Transform3D(1, 0, 0, 0, 1, 0, 0, 0, 1, 0, -0.095214844, 0)
shape = SubResource("CapsuleShape3D_kqu6x")

[node name="SmoothCameraArm" type="SpringArm3D" parent="." unique_id=724108230 node_paths=PackedStringArray("target")]
transform = Transform3D(1, 0, 0, 0, 0.90630776, 0.42261827, 0, -0.42261827, 0.90630776, 0, 0, 0)
shape = SubResource("SeparationRayShape3D_oul6g")
spring_length = 4.0
margin = 0.1
script = ExtResource("2_rkbax")
target = NodePath("../HorizontalPivot/VerticalPivot")

[node name="Camera3D" type="Camera3D" parent="SmoothCameraArm" unique_id=2031573857]
transform = Transform3D(1, 0, 0, 0, 1.0000001, 0, 0, 0, 1.0000001, 0, 0, 0)

[node name="HorizontalPivot" type="Node3D" parent="." unique_id=1684865767]

[node name="VerticalPivot" type="Node3D" parent="HorizontalPivot" unique_id=1391565854]

[node name="RigPivot" type="Node3D" parent="." unique_id=846194513]
transform = Transform3D(1, 0, 0, 0, 1, 0, 0, 0, 1, 0, -1, 0)

[node name="Rig" parent="RigPivot" unique_id=1415560072 instance=ExtResource("3_g1dw6")]

[node name="Skeleton3D" parent="RigPivot/Rig/CharacterRig/GameRig" parent_id_path=PackedInt32Array(1415560072, 2043697631, 516488060) index="0" unique_id=531244643]
bones/0/position = Vector3(3.6729195e-15, 0.8965982, -0.04817355)
bones/2/rotation = Quaternion(-0.0021511465, -0.0004210948, 0.0032148755, 0.9999925)
bones/3/rotation = Quaternion(-0.09676882, -0.00038368316, 0.008519873, 0.99527043)
bones/4/rotation = Quaternion(0.277362, 1.5364453e-08, 9.146075e-08, 0.9607655)
bones/6/rotation = Quaternion(-0.15579836, -1.1784788e-07, -1.796585e-08, 0.9877889)
bones/7/position = Vector3(-2.099336e-08, 0.89659816, -0.04817345)
bones/8/position = Vector3(-4.2672042e-08, 0.89659816, -0.048173517)
bones/9/position = Vector3(0.13114364, 0.96280247, -0.035129093)
bones/9/rotation = Quaternion(0.9929312, 0.020917827, -0.030927582, 0.112666644)
bones/11/rotation = Quaternion(0.42266345, -0.00070060085, 0.00032689268, 0.9062865)
bones/13/rotation = Quaternion(-0.7526446, 0.011889409, 0.024409771, 0.657867)
bones/15/position = Vector3(-0.13114369, 0.96280247, -0.035129108)
bones/15/rotation = Quaternion(0.9729566, -0.0058273734, 0.027290726, 0.2292966)
bones/17/rotation = Quaternion(0.44656038, 0.0033052522, -0.0016497461, 0.89474595)
bones/19/rotation = Quaternion(-0.68919533, -0.02819797, -0.0006627008, 0.7240264)
bones/21/position = Vector3(0.025128616, 1.4268268, 0.042265415)
bones/21/rotation = Quaternion(-0.49356773, -0.25788638, -0.3998475, 0.72801614)
bones/22/position = Vector3(0.18845512, 1.4636365, -0.024139676)
bones/22/rotation = Quaternion(0.050441414, -0.15960282, 0.9744116, -0.15001555)
bones/23/rotation = Quaternion(6.0200925e-08, -0.015480207, 5.5491213e-08, 0.9998802)
bones/24/rotation = Quaternion(0.29792082, -0.015480917, -0.018205103, 0.9542915)
bones/46/position = Vector3(-0.011363526, 1.4268268, 0.042265397)
bones/46/rotation = Quaternion(-0.5126792, 0.21892224, 0.37321532, 0.7415817)
bones/47/position = Vector3(-0.16675434, 1.4640677, -0.04083081)
bones/47/rotation = Quaternion(-0.07748604, -0.13645308, 0.9730328, 0.16906714)
bones/48/rotation = Quaternion(3.1149444e-08, 0.012033646, 2.270723e-08, 0.99992764)
bones/49/rotation = Quaternion(0.33061445, 0.012034176, 0.028937014, 0.9432454)
bones/71/position = Vector3(0.12719111, 1.3452092, -0.026399748)
bones/71/rotation = Quaternion(1.9290775e-08, 0.61330545, 0.7898459, -4.6428152e-08)
bones/72/position = Vector3(-0.113425955, 1.3452092, -0.026399774)
bones/72/rotation = Quaternion(1.9290832e-08, 0.61330545, 0.7898459, -4.64281e-08)

[node name="RightHandBone" parent="RigPivot/Rig" index="2" unique_id=1487316086]
transform = Transform3D(-0.962342, -0.2708055, -0.023711361, 0.24128076, -0.89107996, 0.38439634, -0.12522529, 0.36419973, 0.92286336, -0.3405718, 0.98213685, -0.030303624)

[node name="LeftHandBone" parent="RigPivot/Rig" index="3" unique_id=1174988404]
transform = Transform3D(-0.9705133, 0.2391087, 0.030520843, -0.22173984, -0.9352406, 0.27596506, 0.09453002, 0.26106, 0.96068275, 0.34526572, 0.9701219, -0.049110204)

[node name="RayAttachment" type="BoneAttachment3D" parent="RigPivot/Rig" unique_id=582155665]
transform = Transform3D(-0.962342, -0.2708055, -0.023711361, 0.24128076, -0.89107996, 0.38439634, -0.12522529, 0.36419973, 0.92286336, -0.3405718, 0.98213685, -0.030303624)
bone_name = "DEF-hand.R"
bone_idx = 51
use_external_skeleton = true
external_skeleton = NodePath("../CharacterRig/GameRig/Skeleton3D")

[node name="AttackCast" type="RayCast3D" parent="RigPivot/Rig/RayAttachment" unique_id=1458897818]
unique_name_in_owner = true
transform = Transform3D(0.14567666, 0.12770933, -0.9810549, -0.98932326, 0.014576787, -0.14500688, -0.004218105, 0.9917045, 0.12846932, -0.013773769, 0.054032087, 0.0047468543)
target_position = Vector3(0, 1, 0)
collision_mask = 8
script = ExtResource("4_yw30f")

[node name="AreaAttack" parent="RigPivot" unique_id=7110889 instance=ExtResource("6_g6k8r")]
transform = Transform3D(1, 0, 0, 0, 1, 0, 0, 0, 1, 0, 1, 0)
target_position = Vector3(0, 0, 1)
collision_mask = 8

[node name="Dash" parent="RigPivot" unique_id=410199331 node_paths=PackedStringArray("player") instance=ExtResource("7_boad6")]
transform = Transform3D(1, 0, 0, 0, 1, 0, 0, 0, 1, 0, 0.047561884, 0)
player = NodePath("../..")

[node name="UserInterface" parent="." unique_id=1891462601 node_paths=PackedStringArray("player") instance=ExtResource("9_hg6s5")]
player = NodePath("..")

[connection signal="defeat" from="HealthComponent" to="." method="_on_health_component_defeat"]
[connection signal="heavy_attack" from="RigPivot/Rig" to="." method="_on_rig_heavy_attack"]

[editable path="RigPivot/Rig"]
[editable path="RigPivot/Rig/CharacterRig"]
