[gd_scene format=3 uid="uid://0rk6mar0ysob"]

[ext_resource type="Script" uid="uid://kscxc0ah0cu3" path="res://player/player.gd" id="1_oul6g"]
[ext_resource type="Resource" uid="uid://bqvskm2483p21" path="res://player/stats.tres" id="2_rgyib"]
[ext_resource type="Script" uid="uid://0knnxu858c6t" path="res://player/smooth_camera_arm.gd" id="2_rkbax"]
[ext_resource type="PackedScene" uid="uid://b30eq4lc65mbc" path="res://player/rig.tscn" id="3_g1dw6"]
[ext_resource type="Script" uid="uid://y1x38guc17n5" path="res://player/attack_cast.gd" id="4_yw30f"]
[ext_resource type="PackedScene" uid="uid://e3ak40n0dgjm" path="res://player/health_component.tscn" id="5_qjkh3"]
[ext_resource type="PackedScene" uid="uid://dyucvm4ml1tp0" path="res://player/area_attack.tscn" id="6_g6k8r"]
[ext_resource type="PackedScene" uid="uid://c6durlftx2yyk" path="res://player/dash.tscn" id="7_boad6"]

[sub_resource type="CapsuleShape3D" id="CapsuleShape3D_kqu6x"]
radius = 0.25
height = 1.8095703

[sub_resource type="SeparationRayShape3D" id="SeparationRayShape3D_oul6g"]

[node name="Player" type="CharacterBody3D" unique_id=197044215 groups=["player"]]
collision_layer = 4
script = ExtResource("1_oul6g")
stats = ExtResource("2_rgyib")
attack_move_speed = 1.0

[node name="HealthComponent" parent="." unique_id=1475564831 instance=ExtResource("5_qjkh3")]

[node name="CollisionShape3D" type="CollisionShape3D" parent="." unique_id=984041020]
transform = Transform3D(1, 0, 0, 0, 1, 0, 0, 0, 1, 0, -0.095214844, 0)
shape = SubResource("CapsuleShape3D_kqu6x")

[node name="SmoothCameraArm" type="SpringArm3D" parent="." unique_id=724108230 node_paths=PackedStringArray("target")]
transform = Transform3D(1, 0, 0, 0, 0.90630776, 0.42261827, 0, -0.42261827, 0.90630776, 0, 0, 0)
shape = SubResource("SeparationRayShape3D_oul6g")
spring_length = 4.0
margin = 0.1
script = ExtResource("2_rkbax")
target = NodePath("../HorizontalPivot/VerticalPivot")

[node name="Camera3D" type="Camera3D" parent="SmoothCameraArm" unique_id=2031573857]
transform = Transform3D(1, 0, 0, 0, 1.0000001, 0, 0, 0, 1.0000001, 0, 0, 0)

[node name="HorizontalPivot" type="Node3D" parent="." unique_id=1684865767]

[node name="VerticalPivot" type="Node3D" parent="HorizontalPivot" unique_id=1391565854]

[node name="RigPivot" type="Node3D" parent="." unique_id=846194513]
transform = Transform3D(1, 0, 0, 0, 1, 0, 0, 0, 1, 0, -1, 0)

[node name="Rig" parent="RigPivot" unique_id=1415560072 instance=ExtResource("3_g1dw6")]

[node name="Skeleton3D" parent="RigPivot/Rig/CharacterRig/GameRig" parent_id_path=PackedInt32Array(1415560072, 2043697631, 516488060) index="0" unique_id=531244643]
bones/0/position = Vector3(4.440892e-15, 0.9111138, -0.048173554)
bones/2/rotation = Quaternion(0.0072257235, -0.0002691207, 0.0032109628, 0.99996877)
bones/3/rotation = Quaternion(-0.08825629, -0.00027295743, 0.008524999, 0.9960614)
bones/4/rotation = Quaternion(0.26961204, 1.43901175e-08, 9.1601706e-08, 0.96296906)
bones/6/rotation = Quaternion(-0.16553481, -1.1756475e-07, -1.9733282e-08, 0.986204)
bones/7/position = Vector3(-4.438171e-08, 0.91111374, -0.048173442)
bones/8/position = Vector3(-3.9025394e-08, 0.9111137, -0.048173524)
bones/9/position = Vector3(0.13114367, 0.9773179, -0.035129108)
bones/9/rotation = Quaternion(0.9943433, 0.020196473, -0.03127306, 0.099476874)
bones/11/rotation = Quaternion(0.3928615, -0.00069438736, 0.0002967576, 0.9195974)
bones/13/rotation = Quaternion(-0.73983043, 0.011842011, 0.024357101, 0.672248)
bones/15/position = Vector3(-0.13114367, 0.97731775, -0.0351291)
bones/15/rotation = Quaternion(0.97602123, -0.00523771, 0.02769979, 0.21584214)
bones/17/rotation = Quaternion(0.4192718, 0.00314381, -0.0014520062, 0.90785426)
bones/19/rotation = Quaternion(-0.6773039, -0.028133787, -0.0015049777, 0.7351636)
bones/21/position = Vector3(0.025128612, 1.4405981, 0.047504902)
bones/21/rotation = Quaternion(-0.46905163, -0.26781386, -0.41782603, 0.7305393)
bones/22/position = Vector3(0.19162795, 1.479584, -0.009058822)
bones/22/rotation = Quaternion(0.019424815, -0.16429335, 0.9755229, -0.14486372)
bones/23/rotation = Quaternion(7.015303e-08, -0.040638324, -5.494744e-08, 0.999174)
bones/24/rotation = Quaternion(0.35517544, -0.040746152, -0.022172455, 0.93364805)
bones/46/position = Vector3(-0.011363527, 1.4405981, 0.04750489)
bones/46/rotation = Quaternion(-0.46822628, 0.2672894, 0.41810775, 0.7310995)
bones/47/position = Vector3(-0.17783654, 1.4797434, -0.009035617)
bones/47/rotation = Quaternion(-0.0065202788, -0.14838655, 0.9760914, 0.15869635)
bones/48/rotation = Quaternion(-1.5971543e-07, 0.059831634, -1.3245734e-07, 0.9982085)
bones/49/rotation = Quaternion(0.39634582, 0.05993562, 0.027720084, 0.9157233)
bones/71/position = Vector3(0.12719111, 1.3617597, -0.024334343)
bones/71/rotation = Quaternion(2.036902e-08, 0.5975333, 0.8018441, -4.5819384e-08)
bones/72/position = Vector3(-0.113425955, 1.3617597, -0.024334367)
bones/72/rotation = Quaternion(2.0369075e-08, 0.5975332, 0.8018442, -4.5819313e-08)

[node name="RightHandBone" parent="RigPivot/Rig" index="2" unique_id=1487316086]
transform = Transform3D(-0.96238726, -0.27065548, -0.023588443, 0.21982047, -0.82676077, 0.5178282, -0.15965505, 0.4931661, 0.8551592, -0.35161605, 1.0143914, 0.033465937)

[node name="LeftHandBone" parent="RigPivot/Rig" index="3" unique_id=1174988404]
transform = Transform3D(-0.97050333, 0.23914395, 0.030563053, -0.20790403, -0.89434934, 0.39612558, 0.12206508, 0.37808692, 0.9176875, 0.34844762, 0.99675524, -0.0048752166)

[node name="RayAttachment" type="BoneAttachment3D" parent="RigPivot/Rig" unique_id=582155665]
transform = Transform3D(-0.96238726, -0.27065548, -0.023588443, 0.21982047, -0.82676077, 0.5178282, -0.15965505, 0.4931661, 0.8551592, -0.35161605, 1.0143914, 0.033465937)
bone_name = "DEF-hand.R"
bone_idx = 51
use_external_skeleton = true
external_skeleton = NodePath("../CharacterRig/GameRig/Skeleton3D")

[node name="AttackCast" type="RayCast3D" parent="RigPivot/Rig/RayAttachment" unique_id=1458897818]
unique_name_in_owner = true
transform = Transform3D(0.14567666, 0.12770933, -0.9810549, -0.98932326, 0.014576787, -0.14500688, -0.004218105, 0.9917045, 0.12846932, -0.013773769, 0.054032087, 0.0047468543)
target_position = Vector3(0, 1, 0)
collision_mask = 8
script = ExtResource("4_yw30f")

[node name="AreaAttack" parent="RigPivot" unique_id=7110889 instance=ExtResource("6_g6k8r")]
transform = Transform3D(1, 0, 0, 0, 1, 0, 0, 0, 1, 0, 1, 0)
target_position = Vector3(0, 0, 1)
collision_mask = 8

[node name="Dash" parent="RigPivot" unique_id=410199331 node_paths=PackedStringArray("player") instance=ExtResource("7_boad6")]
transform = Transform3D(1, 0, 0, 0, 1, 0, 0, 0, 1, 0, 0.047561884, 0)
player = NodePath("../..")

[connection signal="defeat" from="HealthComponent" to="." method="_on_health_component_defeat"]
[connection signal="heavy_attack" from="RigPivot/Rig" to="." method="_on_rig_heavy_attack"]

[editable path="RigPivot/Rig"]
[editable path="RigPivot/Rig/CharacterRig"]
