[gd_scene format=3 uid="uid://0rk6mar0ysob"]

[ext_resource type="Script" uid="uid://kscxc0ah0cu3" path="res://player/player.gd" id="1_oul6g"]
[ext_resource type="Resource" uid="uid://bqvskm2483p21" path="res://player/stats.tres" id="2_rgyib"]
[ext_resource type="Script" uid="uid://0knnxu858c6t" path="res://player/smooth_camera_arm.gd" id="2_rkbax"]
[ext_resource type="PackedScene" uid="uid://b30eq4lc65mbc" path="res://player/rig.tscn" id="3_g1dw6"]
[ext_resource type="Script" uid="uid://y1x38guc17n5" path="res://player/attack_cast.gd" id="4_yw30f"]
[ext_resource type="PackedScene" uid="uid://e3ak40n0dgjm" path="res://player/health_component.tscn" id="5_qjkh3"]
[ext_resource type="PackedScene" uid="uid://dyucvm4ml1tp0" path="res://player/area_attack.tscn" id="6_g6k8r"]
[ext_resource type="PackedScene" uid="uid://c6durlftx2yyk" path="res://player/dash.tscn" id="7_boad6"]
[ext_resource type="PackedScene" uid="uid://daoa0f01dra06" path="res://user_interface/user_interface.tscn" id="9_hg6s5"]

[sub_resource type="CapsuleShape3D" id="CapsuleShape3D_kqu6x"]
radius = 0.25
height = 1.8095703

[sub_resource type="SeparationRayShape3D" id="SeparationRayShape3D_oul6g"]

[node name="Player" type="CharacterBody3D" unique_id=197044215 groups=["player"]]
collision_layer = 4
script = ExtResource("1_oul6g")
stats = ExtResource("2_rgyib")
attack_move_speed = 1.0

[node name="HealthComponent" parent="." unique_id=1475564831 node_paths=PackedStringArray("body") instance=ExtResource("5_qjkh3")]
body = NodePath("..")

[node name="CollisionShape3D" type="CollisionShape3D" parent="." unique_id=984041020]
transform = Transform3D(1, 0, 0, 0, 1, 0, 0, 0, 1, 0, -0.095214844, 0)
shape = SubResource("CapsuleShape3D_kqu6x")

[node name="SmoothCameraArm" type="SpringArm3D" parent="." unique_id=724108230 node_paths=PackedStringArray("target")]
transform = Transform3D(1, 0, 0, 0, 0.90630776, 0.42261827, 0, -0.42261827, 0.90630776, 0, 0, 0)
shape = SubResource("SeparationRayShape3D_oul6g")
spring_length = 4.0
margin = 0.1
script = ExtResource("2_rkbax")
target = NodePath("../HorizontalPivot/VerticalPivot")

[node name="Camera3D" type="Camera3D" parent="SmoothCameraArm" unique_id=2031573857]
transform = Transform3D(1, 0, 0, 0, 1.0000001, 0, 0, 0, 1.0000001, 0, 0, 0)

[node name="HorizontalPivot" type="Node3D" parent="." unique_id=1684865767]

[node name="VerticalPivot" type="Node3D" parent="HorizontalPivot" unique_id=1391565854]

[node name="RigPivot" type="Node3D" parent="." unique_id=846194513]
transform = Transform3D(1, 0, 0, 0, 1, 0, 0, 0, 1, 0, -1, 0)

[node name="Rig" parent="RigPivot" unique_id=1415560072 instance=ExtResource("3_g1dw6")]

[node name="Skeleton3D" parent="RigPivot/Rig/CharacterRig/GameRig" parent_id_path=PackedInt32Array(1415560072, 2043697631, 516488060) index="0" unique_id=531244643]
bones/0/position = Vector3(4.0923626e-15, 0.9068586, -0.048173565)
bones/2/rotation = Quaternion(0.0044152476, -0.00031467533, 0.003212217, 0.9999851)
bones/3/rotation = Quaternion(-0.09073924, -0.00030527086, 0.008523605, 0.9958382)
bones/4/rotation = Quaternion(0.27188495, 1.532177e-08, 8.9262706e-08, 0.9623298)
bones/6/rotation = Quaternion(-0.16269173, -1.1762385e-07, -1.9390082e-08, 0.98667705)
bones/7/position = Vector3(-2.594913e-08, 0.9068585, -0.048173465)
bones/8/position = Vector3(-3.2016374e-08, 0.90685856, -0.048173524)
bones/9/position = Vector3(0.13114367, 0.9730628, -0.035129108)
bones/9/rotation = Quaternion(0.99393165, 0.020413099, -0.031168321, 0.10349808)
bones/11/rotation = Quaternion(0.40193197, -0.00069713924, 0.00030615568, 0.9156692)
bones/13/rotation = Quaternion(-0.74378234, 0.011856612, 0.02437164, 0.66787225)
bones/15/position = Vector3(-0.1311437, 0.9730628, -0.035129108)
bones/15/rotation = Quaternion(0.97512066, -0.005414214, 0.027577508, 0.21988632)
bones/17/rotation = Quaternion(0.42746893, 0.00319238, -0.0015096044, 0.90402323)
bones/19/rotation = Quaternion(-0.6809144, -0.028153617, -0.0012515603, 0.73182064)
bones/21/position = Vector3(0.025128612, 1.4365908, 0.045977104)
bones/21/rotation = Quaternion(-0.47624612, -0.26496762, -0.41252726, 0.7299337)
bones/22/position = Vector3(0.19073993, 1.4749974, -0.0135036055)
bones/22/rotation = Quaternion(0.028575933, -0.16292706, 0.97529775, -0.1463985)
bones/23/rotation = Quaternion(3.150268e-08, -0.033257272, 6.266196e-08, 0.99944687)
bones/24/rotation = Quaternion(0.33835018, -0.033258166, -0.021101287, 0.9401956)
bones/46/position = Vector3(-0.011363527, 1.4365908, 0.045977093)
bones/46/rotation = Quaternion(-0.48144537, 0.25316098, 0.40488166, 0.73497665)
bones/47/position = Vector3(-0.17496635, 1.4753941, -0.01857226)
bones/47/rotation = Quaternion(-0.027638633, -0.14491816, 0.97572184, 0.16186984)
bones/48/rotation = Quaternion(-5.8356395e-08, 0.045799233, -5.8086243e-08, 0.9989507)
bones/49/rotation = Quaternion(0.37707868, 0.0458, 0.028479014, 0.92460966)
bones/71/position = Vector3(0.12719111, 1.356928, -0.024946725)
bones/71/rotation = Quaternion(2.0051996e-08, 0.602185, 0.7983567, -4.6003716e-08)
bones/72/position = Vector3(-0.113425955, 1.356928, -0.02494675)
bones/72/rotation = Quaternion(2.0052045e-08, 0.602185, 0.7983567, -4.6003656e-08)

[node name="RightHandBone" parent="RigPivot/Rig" index="2" unique_id=1487316086]
transform = Transform3D(-0.9623422, -0.2708049, -0.023710366, 0.22675306, -0.8477757, 0.479437, -0.14993496, 0.4560061, 0.87725574, -0.34878364, 1.0046461, 0.014723808)

[node name="LeftHandBone" parent="RigPivot/Rig" index="3" unique_id=1174988404]
transform = Transform3D(-0.97051316, 0.2391087, 0.030520516, -0.21235643, -0.90802175, 0.36111125, 0.114058174, 0.343982, 0.93202305, 0.3475505, 0.98861456, -0.017809033)

[node name="RayAttachment" type="BoneAttachment3D" parent="RigPivot/Rig" unique_id=582155665]
transform = Transform3D(-0.9623422, -0.2708049, -0.023710366, 0.22675306, -0.8477757, 0.479437, -0.14993496, 0.4560061, 0.87725574, -0.34878364, 1.0046461, 0.014723808)
bone_name = "DEF-hand.R"
bone_idx = 51
use_external_skeleton = true
external_skeleton = NodePath("../CharacterRig/GameRig/Skeleton3D")

[node name="AttackCast" type="RayCast3D" parent="RigPivot/Rig/RayAttachment" unique_id=1458897818]
unique_name_in_owner = true
transform = Transform3D(0.14567666, 0.12770933, -0.9810549, -0.98932326, 0.014576787, -0.14500688, -0.004218105, 0.9917045, 0.12846932, -0.013773769, 0.054032087, 0.0047468543)
target_position = Vector3(0, 1, 0)
collision_mask = 8
script = ExtResource("4_yw30f")

[node name="AreaAttack" parent="RigPivot" unique_id=7110889 instance=ExtResource("6_g6k8r")]
transform = Transform3D(1, 0, 0, 0, 1, 0, 0, 0, 1, 0, 1, 0)
target_position = Vector3(0, 0, 1)
collision_mask = 8

[node name="Dash" parent="RigPivot" unique_id=410199331 node_paths=PackedStringArray("player") instance=ExtResource("7_boad6")]
transform = Transform3D(1, 0, 0, 0, 1, 0, 0, 0, 1, 0, 0.047561884, 0)
player = NodePath("../..")

[node name="UserInterface" parent="." unique_id=1891462601 node_paths=PackedStringArray("player") instance=ExtResource("9_hg6s5")]
player = NodePath("..")

[connection signal="defeat" from="HealthComponent" to="." method="_on_health_component_defeat"]
[connection signal="health_changed" from="HealthComponent" to="UserInterface" method="update_health"]
[connection signal="heavy_attack" from="RigPivot/Rig" to="." method="_on_rig_heavy_attack"]

[editable path="RigPivot/Rig"]
[editable path="RigPivot/Rig/CharacterRig"]
