[gd_scene format=3 uid="uid://0rk6mar0ysob"]

[ext_resource type="Script" uid="uid://kscxc0ah0cu3" path="res://player/player.gd" id="1_oul6g"]
[ext_resource type="Resource" uid="uid://bqvskm2483p21" path="res://player/stats.tres" id="2_rgyib"]
[ext_resource type="Script" uid="uid://0knnxu858c6t" path="res://player/smooth_camera_arm.gd" id="2_rkbax"]
[ext_resource type="PackedScene" uid="uid://b30eq4lc65mbc" path="res://player/rig.tscn" id="3_g1dw6"]
[ext_resource type="Script" uid="uid://y1x38guc17n5" path="res://player/attack_cast.gd" id="4_yw30f"]
[ext_resource type="PackedScene" uid="uid://e3ak40n0dgjm" path="res://player/health_component.tscn" id="5_qjkh3"]
[ext_resource type="PackedScene" uid="uid://dyucvm4ml1tp0" path="res://player/area_attack.tscn" id="6_g6k8r"]
[ext_resource type="PackedScene" uid="uid://c6durlftx2yyk" path="res://player/dash.tscn" id="7_boad6"]

[sub_resource type="CapsuleShape3D" id="CapsuleShape3D_kqu6x"]
radius = 0.25
height = 1.8095703

[sub_resource type="SeparationRayShape3D" id="SeparationRayShape3D_oul6g"]

[node name="Player" type="CharacterBody3D" unique_id=197044215 groups=["player"]]
collision_layer = 4
script = ExtResource("1_oul6g")
stats = ExtResource("2_rgyib")
attack_move_speed = 1.0

[node name="HealthComponent" parent="." unique_id=1475564831 instance=ExtResource("5_qjkh3")]

[node name="CollisionShape3D" type="CollisionShape3D" parent="." unique_id=984041020]
transform = Transform3D(1, 0, 0, 0, 1, 0, 0, 0, 1, 0, -0.095214844, 0)
shape = SubResource("CapsuleShape3D_kqu6x")

[node name="SmoothCameraArm" type="SpringArm3D" parent="." unique_id=724108230 node_paths=PackedStringArray("target")]
transform = Transform3D(1, 0, 0, 0, 0.90630776, 0.42261827, 0, -0.42261827, 0.90630776, 0, 0, 0)
shape = SubResource("SeparationRayShape3D_oul6g")
spring_length = 4.0
margin = 0.1
script = ExtResource("2_rkbax")
target = NodePath("../HorizontalPivot/VerticalPivot")

[node name="Camera3D" type="Camera3D" parent="SmoothCameraArm" unique_id=2031573857]
transform = Transform3D(1, 0, 0, 0, 1.0000001, 0, 0, 0, 1.0000001, 0, 0, 0)

[node name="HorizontalPivot" type="Node3D" parent="." unique_id=1684865767]

[node name="VerticalPivot" type="Node3D" parent="HorizontalPivot" unique_id=1391565854]

[node name="RigPivot" type="Node3D" parent="." unique_id=846194513]
transform = Transform3D(1, 0, 0, 0, 1, 0, 0, 0, 1, 0, -1, 0)

[node name="Rig" parent="RigPivot" unique_id=1415560072 instance=ExtResource("3_g1dw6")]

[node name="Skeleton3D" parent="RigPivot/Rig/CharacterRig/GameRig" parent_id_path=PackedInt32Array(1415560072, 2043697631, 516488060) index="0" unique_id=531244643]
bones/0/position = Vector3(4.440892e-15, 0.90890896, -0.048173573)
bones/2/rotation = Quaternion(0.0058275186, -0.0002917843, 0.0032116086, 0.9999779)
bones/3/rotation = Quaternion(-0.08951091, -0.00028928768, 0.008524314, 0.9959493)
bones/4/rotation = Quaternion(0.27076268, 1.4534242e-08, 9.1575764e-08, 0.9626461)
bones/6/rotation = Quaternion(-0.16409759, -1.1762674e-07, -1.9360591e-08, 0.9864441)
bones/7/position = Vector3(-2.61193e-08, 0.90890884, -0.04817347)
bones/8/position = Vector3(-7.870633e-08, 0.9089089, -0.048173517)
bones/9/position = Vector3(0.13114367, 0.97511315, -0.0351291)
bones/9/rotation = Quaternion(0.99413085, 0.020309096, -0.031218532, 0.10157253)
bones/11/rotation = Quaternion(0.39752746, -0.000695897, 0.00030161664, 0.91758996)
bones/13/rotation = Quaternion(-0.74183136, 0.011849394, 0.024364358, 0.67003894)
bones/15/position = Vector3(-0.13114372, 0.97511315, -0.035129108)
bones/15/rotation = Quaternion(0.9755549, -0.0053294334, 0.027636254, 0.21794592)
bones/17/rotation = Quaternion(0.4234833, 0.0031687676, -0.0014814379, 0.9058972)
bones/19/rotation = Quaternion(-0.67916095, -0.02814405, -0.0013749533, 0.7334483)
bones/21/position = Vector3(0.025128616, 1.438515, 0.046710394)
bones/21/rotation = Quaternion(-0.47272968, -0.2663658, -0.4151141, 0.7302439)
bones/22/position = Vector3(0.19117866, 1.4772489, -0.011333313)
bones/22/rotation = Quaternion(0.024108855, -0.16359583, 0.97541845, -0.1456508)
bones/23/rotation = Quaternion(3.686595e-08, -0.03686526, 2.408149e-08, 0.99932027)
bones/24/rotation = Quaternion(0.34647268, -0.0368659, -0.021629155, 0.9370858)
bones/46/position = Vector3(-0.011363527, 1.438515, 0.04671038)
bones/46/rotation = Quaternion(-0.47507894, 0.25999027, 0.41126132, 0.7331911)
bones/47/position = Vector3(-0.17640324, 1.4775344, -0.013959392)
bones/47/rotation = Quaternion(-0.017472498, -0.14659667, 0.9759568, 0.1603514)
bones/48/rotation = Quaternion(1.0670731e-07, 0.052617732, 1.15487445e-07, 0.9986148)
bones/49/rotation = Quaternion(0.3863859, 0.052618217, 0.02815778, 0.92040455)
bones/71/position = Vector3(0.12719111, 1.3592465, -0.024653798)
bones/71/rotation = Quaternion(2.0206853e-08, 0.5999141, 0.8000645, -4.5914234e-08)
bones/72/position = Vector3(-0.113425955, 1.3592465, -0.024653824)
bones/72/rotation = Quaternion(2.0206912e-08, 0.5999141, 0.8000645, -4.591417e-08)

[node name="RightHandBone" parent="RigPivot/Rig" index="2" unique_id=1487316086]
transform = Transform3D(-0.96234363, -0.27079982, -0.023715902, 0.22348757, -0.8378315, 0.4980886, -0.15475218, 0.47403207, 0.8668015, -0.3502193, 1.0093421, 0.023801573)

[node name="LeftHandBone" parent="RigPivot/Rig" index="3" unique_id=1174988404]
transform = Transform3D(-0.9705136, 0.23910758, 0.030521609, -0.21024005, -0.9015996, 0.37804446, 0.11791155, 0.36048037, 0.925284, 0.34798896, 0.99253714, -0.011530973)

[node name="RayAttachment" type="BoneAttachment3D" parent="RigPivot/Rig" unique_id=582155665]
transform = Transform3D(-0.96234363, -0.27079982, -0.023715902, 0.22348757, -0.8378315, 0.4980886, -0.15475218, 0.47403207, 0.8668015, -0.3502193, 1.0093421, 0.023801573)
bone_name = "DEF-hand.R"
bone_idx = 51
use_external_skeleton = true
external_skeleton = NodePath("../CharacterRig/GameRig/Skeleton3D")

[node name="AttackCast" type="RayCast3D" parent="RigPivot/Rig/RayAttachment" unique_id=1458897818]
unique_name_in_owner = true
transform = Transform3D(0.14567666, 0.12770933, -0.9810549, -0.98932326, 0.014576787, -0.14500688, -0.004218105, 0.9917045, 0.12846932, -0.013773769, 0.054032087, 0.0047468543)
target_position = Vector3(0, 1, 0)
collision_mask = 8
script = ExtResource("4_yw30f")

[node name="AreaAttack" parent="RigPivot" unique_id=7110889 instance=ExtResource("6_g6k8r")]
transform = Transform3D(1, 0, 0, 0, 1, 0, 0, 0, 1, 0, 1, 0)
target_position = Vector3(0, 0, 1)
collision_mask = 8

[node name="Dash" parent="RigPivot" unique_id=410199331 node_paths=PackedStringArray("player") instance=ExtResource("7_boad6")]
transform = Transform3D(1, 0, 0, 0, 1, 0, 0, 0, 1, 0, 0.047561884, 0)
player = NodePath("../..")

[connection signal="defeat" from="HealthComponent" to="." method="_on_health_component_defeat"]
[connection signal="heavy_attack" from="RigPivot/Rig" to="." method="_on_rig_heavy_attack"]

[editable path="RigPivot/Rig"]
[editable path="RigPivot/Rig/CharacterRig"]
